load files/6tg9.cif
select chainA, c. A 
color aquamarine, chainA
hide all
show cartoon, chainA
disable chainA
cmd.set('seq_view',1)
select OrgChainA, chainA & organic
cmd.disable('OrgChainA')
_ cmd.select("_seeker","(6tg9`25226|6tg9`25227|6tg9`25228|6tg9`25229|6tg9`25230|6tg9`25231|6tg9`25232|6tg9`25233)")
cmd.select('sele','none')
_ cmd.select("sele","((byresi(?sele)) or byresi(_seeker))",enable=1)
_ cmd.delete("_seeker")
_ cmd.select("_seeker","(6tg9`25234|6tg9`25235|6tg9`25236|6tg9`25237|6tg9`25238|6tg9`25239|6tg9`25240|6tg9`25241)")
_ cmd.select("sele","((byresi(?sele)) or byresi(_seeker))",enable=1)
_ cmd.delete("_seeker")
_ cmd.select("_seeker","(6tg9`25242|6tg9`25243|6tg9`25244|6tg9`25245|6tg9`25246|6tg9`25247|6tg9`25248|6tg9`25249)")
_ cmd.select("sele","((byresi(?sele)) or byresi(_seeker))",enable=1)
_ cmd.delete("_seeker")
_ cmd.select("_seeker","(6tg9`25250|6tg9`25251|6tg9`25252|6tg9`25253|6tg9`25254|6tg9`25255|6tg9`25256|6tg9`25257)")
_ cmd.select("sele","((byresi(?sele)) or byresi(_seeker))",enable=1)
_ cmd.delete("_seeker")
cmd.wizard("renaming","sele")
refresh_wizard
cmd.get_wizard().do_key(8,0,0,0)
cmd.get_wizard().do_key(8,0,0,0)
cmd.get_wizard().do_key(8,0,0,0)
cmd.get_wizard().do_key(8,0,0,0)
cmd.get_wizard().do_key(99,0,0,0)
cmd.get_wizard().do_key(108,0,0,0)
cmd.get_wizard().do_key(117,0,0,0)
cmd.get_wizard().do_key(115,0,0,0)
cmd.get_wizard().do_key(116,0,0,0)
cmd.get_wizard().do_key(101,0,0,0)
cmd.get_wizard().do_key(114,0,0,0)
cmd.get_wizard().do_key(68,0,0,1)
cmd.get_wizard().do_key(70,0,0,1)
cmd.get_wizard().do_key(8,0,0,0)
cmd.get_wizard().do_key(8,0,0,0)
cmd.get_wizard().do_key(83,0,0,1)
cmd.get_wizard().do_key(70,0,0,1)
cmd.get_wizard().do_key(52,0,0,0)
cmd.get_wizard().do_key(95,0,0,1)
cmd.get_wizard().do_key(97,0,0,0)
cmd.get_wizard().do_key(108,0,0,0)
cmd.get_wizard().do_key(108,0,0,0)
cmd.get_wizard().do_key(13,0,0,0)
show spheres, clusterSF4_all
color atomic, clusterSF4_all
disable clusterSF4_all
bg_color white 
cmd.set('seq_view',0)
rotate y,180 
_ set_view (\
_    -0.512729228,    0.722462714,    0.463850677,\
_     0.470904946,    0.688401699,   -0.551680446,\
_    -0.717883110,   -0.064433545,   -0.693174601,\
_     0.000000000,    0.000000000, -409.291046143,\
_   119.846557617,  119.839050293,  120.761108398,\
_   322.688171387,  495.893920898,  -20.000000000 )
cmd.set('seq_view',1)
cmd.enable('clusterSF4_all')
cmd.disable('clusterSF4_all')
_ cmd.select("_seeker","(6tg9`25226|6tg9`25227|6tg9`25228|6tg9`25229|6tg9`25230|6tg9`25231|6tg9`25232|6tg9`25233)")
cmd.select('sele','none')
_ cmd.select("sele","((byresi(?sele)) or byresi(_seeker))",enable=1)
_ cmd.delete("_seeker")
cmd.wizard("renaming","sele")
refresh_wizard
cmd.get_wizard().do_key(8,0,0,0)
cmd.get_wizard().do_key(8,0,0,0)
cmd.get_wizard().do_key(8,0,0,0)
cmd.get_wizard().do_key(8,0,0,0)
cmd.get_wizard().do_key(67,0,0,1)
cmd.get_wizard().do_key(108,0,0,0)
cmd.get_wizard().do_key(117,0,0,0)
cmd.get_wizard().do_key(115,0,0,0)
cmd.get_wizard().do_key(116,0,0,0)
cmd.get_wizard().do_key(101,0,0,0)
cmd.get_wizard().do_key(114,0,0,0)
cmd.get_wizard().do_key(95,0,0,1)
cmd.get_wizard().do_key(52,0,0,0)
_special 100,0,0,0
cmd.get_wizard().do_key(8,0,0,0)
cmd.get_wizard().do_key(8,0,0,0)
cmd.get_wizard().do_key(8,0,0,0)
cmd.get_wizard().do_key(8,0,0,0)
cmd.get_wizard().do_key(8,0,0,0)
cmd.get_wizard().do_key(8,0,0,0)
cmd.get_wizard().do_key(8,0,0,0)
cmd.get_wizard().do_key(8,0,0,0)
cmd.get_wizard().do_key(8,0,0,0)
cmd.get_wizard().do_key(99,0,0,0)
cmd.get_wizard().do_key(108,0,0,0)
cmd.get_wizard().do_key(117,0,0,0)
cmd.get_wizard().do_key(115,0,0,0)
cmd.get_wizard().do_key(103,0,0,0)
cmd.get_wizard().do_key(101,0,0,0)
cmd.get_wizard().do_key(114,0,0,0)
cmd.get_wizard().do_key(8,0,0,0)
cmd.get_wizard().do_key(8,0,0,0)
cmd.get_wizard().do_key(8,0,0,0)
cmd.get_wizard().do_key(116,0,0,0)
cmd.get_wizard().do_key(101,0,0,0)
cmd.get_wizard().do_key(114,0,0,0)
cmd.get_wizard().do_key(95,0,0,1)
cmd.get_wizard().do_key(52,0,0,0)
cmd.get_wizard().do_key(95,0,0,1)
cmd.get_wizard().do_key(83,0,0,1)
cmd.get_wizard().do_key(70,0,0,1)
cmd.get_wizard().do_key(52,0,0,0)
cmd.get_wizard().do_key(13,0,0,0)
_ cmd.select("_seeker","(6tg9`25226|6tg9`25227|6tg9`25228|6tg9`25229|6tg9`25230|6tg9`25231|6tg9`25232|6tg9`25233)")
_ cmd.select("cluster_4_SF4","((byresi(?cluster_4_SF4)) and not byresi(_seeker))",enable=1)
_ cmd.delete("_seeker")
cmd.disable('cluster_4_SF4')
_ cmd.select("_seeker","(6tg9`25234|6tg9`25235|6tg9`25236|6tg9`25237|6tg9`25238|6tg9`25239|6tg9`25240|6tg9`25241)")
cmd.select('sele','none')
_ cmd.select("sele","((byresi(?sele)) or byresi(_seeker))",enable=1)
_ cmd.delete("_seeker")
cmd.wizard("renaming","sele")
refresh_wizard
cmd.get_wizard().do_key(8,0,0,0)
cmd.get_wizard().do_key(8,0,0,0)
cmd.get_wizard().do_key(8,0,0,0)
cmd.get_wizard().do_key(8,0,0,0)
cmd.get_wizard().do_key(67,0,0,1)
cmd.get_wizard().do_key(108,0,0,0)
cmd.get_wizard().do_key(117,0,0,0)
cmd.get_wizard().do_key(115,0,0,0)
cmd.get_wizard().do_key(116,0,0,0)
cmd.get_wizard().do_key(101,0,0,0)
cmd.get_wizard().do_key(114,0,0,0)
cmd.get_wizard().do_key(8,0,0,0)
cmd.get_wizard().do_key(8,0,0,0)
cmd.get_wizard().do_key(8,0,0,0)
cmd.get_wizard().do_key(8,0,0,0)
cmd.get_wizard().do_key(8,0,0,0)
cmd.get_wizard().do_key(8,0,0,0)
cmd.get_wizard().do_key(8,0,0,0)
cmd.get_wizard().do_key(99,0,0,0)
cmd.get_wizard().do_key(108,0,0,0)
cmd.get_wizard().do_key(115,0,0,0)
cmd.get_wizard().do_key(117,0,0,0)
cmd.get_wizard().do_key(116,0,0,0)
cmd.get_wizard().do_key(101,0,0,0)
cmd.get_wizard().do_key(114,0,0,0)
cmd.get_wizard().do_key(51,0,0,0)
cmd.get_wizard().do_key(8,0,0,0)
cmd.get_wizard().do_key(95,0,0,1)
cmd.get_wizard().do_key(51,0,0,0)
cmd.get_wizard().do_key(95,0,0,1)
cmd.get_wizard().do_key(83,0,0,1)
cmd.get_wizard().do_key(70,0,0,1)
cmd.get_wizard().do_key(52,0,0,0)
cmd.get_wizard().do_key(13,0,0,0)
cmd.disable('clsuter_3_SF4')
_ cmd.select("_seeker","(6tg9`25242|6tg9`25243|6tg9`25244|6tg9`25245|6tg9`25246|6tg9`25247|6tg9`25248|6tg9`25249)")
cmd.select('sele','none')
_ cmd.select("sele","((byresi(?sele)) or byresi(_seeker))",enable=1)
_ cmd.delete("_seeker")
cmd.disable('sele')
cmd.enable('sele')
cmd.wizard("renaming","sele")
refresh_wizard
cmd.get_wizard().do_key(8,0,0,0)
cmd.get_wizard().do_key(8,0,0,0)
cmd.get_wizard().do_key(8,0,0,0)
cmd.get_wizard().do_key(8,0,0,0)
cmd.get_wizard().do_key(99,0,0,0)
cmd.get_wizard().do_key(108,0,0,0)
cmd.get_wizard().do_key(117,0,0,0)
cmd.get_wizard().do_key(115,0,0,0)
cmd.get_wizard().do_key(116,0,0,0)
cmd.get_wizard().do_key(101,0,0,0)
cmd.get_wizard().do_key(114,0,0,0)
cmd.get_wizard().do_key(95,0,0,1)
cmd.get_wizard().do_key(50,0,0,0)
cmd.get_wizard().do_key(95,0,0,1)
cmd.get_wizard().do_key(83,0,0,1)
cmd.get_wizard().do_key(70,0,0,1)
cmd.get_wizard().do_key(52,0,0,0)
cmd.get_wizard().do_key(13,0,0,0)
cmd.wizard("renaming","clsuter_3_SF4")
refresh_wizard
cmd.get_wizard().do_key(8,0,0,0)
cmd.get_wizard().do_key(8,0,0,0)
cmd.get_wizard().do_key(8,0,0,0)
cmd.get_wizard().do_key(8,0,0,0)
cmd.get_wizard().do_key(8,0,0,0)
cmd.get_wizard().do_key(8,0,0,0)
cmd.get_wizard().do_key(8,0,0,0)
cmd.get_wizard().do_key(8,0,0,0)
cmd.get_wizard().do_key(8,0,0,0)
cmd.get_wizard().do_key(8,0,0,0)
cmd.get_wizard().do_key(8,0,0,0)
cmd.get_wizard().do_key(117,0,0,0)
cmd.get_wizard().do_key(115,0,0,0)
cmd.get_wizard().do_key(116,0,0,0)
cmd.get_wizard().do_key(101,0,0,0)
cmd.get_wizard().do_key(114,0,0,0)
cmd.get_wizard().do_key(95,0,0,1)
cmd.get_wizard().do_key(51,0,0,0)
cmd.get_wizard().do_key(95,0,0,1)
cmd.get_wizard().do_key(83,0,0,1)
cmd.get_wizard().do_key(70,0,0,1)
cmd.get_wizard().do_key(52,0,0,0)
cmd.get_wizard().do_key(13,0,0,0)
cmd.disable('cluster_2_SF4')
_ cmd.select("_seeker","(6tg9`25250|6tg9`25251|6tg9`25252|6tg9`25253|6tg9`25254|6tg9`25255|6tg9`25256|6tg9`25257)")
cmd.select('sele','none')
_ cmd.select("sele","((byresi(?sele)) or byresi(_seeker))",enable=1)
_ cmd.delete("_seeker")
cmd.wizard("renaming","sele")
refresh_wizard
cmd.get_wizard().do_key(8,0,0,0)
cmd.get_wizard().do_key(8,0,0,0)
cmd.get_wizard().do_key(8,0,0,0)
cmd.get_wizard().do_key(8,0,0,0)
cmd.get_wizard().do_key(67,0,0,1)
cmd.get_wizard().do_key(8,0,0,0)
cmd.get_wizard().do_key(99,0,0,0)
cmd.get_wizard().do_key(108,0,0,0)
cmd.get_wizard().do_key(117,0,0,0)
cmd.get_wizard().do_key(115,0,0,0)
cmd.get_wizard().do_key(116,0,0,0)
cmd.get_wizard().do_key(101,0,0,0)
cmd.get_wizard().do_key(114,0,0,0)
cmd.get_wizard().do_key(95,0,0,1)
cmd.get_wizard().do_key(49,0,0,0)
cmd.get_wizard().do_key(95,0,0,1)
cmd.get_wizard().do_key(83,0,0,1)
cmd.get_wizard().do_key(70,0,0,1)
cmd.get_wizard().do_key(52,0,0,0)
cmd.get_wizard().do_key(13,0,0,0)
cmd.disable('cluster_1_SF4')
_ set_view (\
_    -0.512729228,    0.722462714,    0.463850677,\
_     0.470904946,    0.688401699,   -0.551680446,\
_    -0.717883110,   -0.064433545,   -0.693174601,\
_     0.000000000,    0.000000000, -409.291046143,\
_   119.846557617,  119.839050293,  120.761108398,\
_   322.688171387,  495.893920898,  -20.000000000 )
zoom clusterSF4_all
rotate x,180
_ set_view (\
_    -0.512729228,    0.722462714,    0.463850677,\
_     0.470904946,    0.688401699,   -0.551680446,\
_    -0.717883110,   -0.064433545,   -0.693174601,\
_     0.000000000,    0.000000000,  -85.935554504,\
_   122.975158691,  139.138748169,  121.706405640,\
_    67.752243042,  104.118865967,  -20.000000000 )
select br. all within 3.4 of clusterSF4_all
_ cmd.select("_seeker","(6tg9`25250|6tg9`25251|6tg9`25252|6tg9`25253|6tg9`25254|6tg9`25255|6tg9`25256|6tg9`25257)")
_ cmd.select("sele","((byresi(?sele)) and not byresi(_seeker))",enable=1)
_ cmd.delete("_seeker")
_ cmd.select("_seeker","(6tg9`25242|6tg9`25243|6tg9`25244|6tg9`25245|6tg9`25246|6tg9`25247|6tg9`25248|6tg9`25249)")
_ cmd.select("sele","((byresi(?sele)) and not byresi(_seeker))",enable=1)
_ cmd.delete("_seeker")
_ cmd.select("_seeker","(6tg9`25234|6tg9`25235|6tg9`25236|6tg9`25237|6tg9`25238|6tg9`25239|6tg9`25240|6tg9`25241)")
_ cmd.select("sele","((byresi(?sele)) and not byresi(_seeker))",enable=1)
_ cmd.delete("_seeker")
_ cmd.select("_seeker","(6tg9`25226|6tg9`25227|6tg9`25228|6tg9`25229|6tg9`25230|6tg9`25231|6tg9`25232|6tg9`25233)")
_ cmd.select("sele","((byresi(?sele)) and not byresi(_seeker))",enable=1)
_ cmd.delete("_seeker")
cmd.wizard("renaming","sele")
refresh_wizard
cmd.get_wizard().do_key(8,0,0,0)
cmd.get_wizard().do_key(8,0,0,0)
cmd.get_wizard().do_key(8,0,0,0)
cmd.get_wizard().do_key(8,0,0,0)
cmd.get_wizard().do_key(82,0,0,1)
cmd.get_wizard().do_key(101,0,0,0)
cmd.get_wizard().do_key(115,0,0,0)
cmd.get_wizard().do_key(95,0,0,1)
cmd.get_wizard().do_key(105,0,0,0)
cmd.get_wizard().do_key(110,0,0,0)
cmd.get_wizard().do_key(95,0,0,1)
cmd.get_wizard().do_key(99,0,0,0)
cmd.get_wizard().do_key(111,0,0,0)
cmd.get_wizard().do_key(110,0,0,0)
cmd.get_wizard().do_key(116,0,0,0)
cmd.get_wizard().do_key(101,0,0,0)
cmd.get_wizard().do_key(8,0,0,0)
cmd.get_wizard().do_key(97,0,0,0)
cmd.get_wizard().do_key(99,0,0,0)
cmd.get_wizard().do_key(116,0,0,0)
cmd.get_wizard().do_key(13,0,0,0)
show sticks, Res_in_contact
disable Res_in_contact
color atomic, Res_in_contact
_ set_view (\
_    -0.443108320,    0.766380847,    0.465098023,\
_     0.447878391,    0.638676524,   -0.625696957,\
_    -0.776567936,   -0.068944864,   -0.626248062,\
_     0.000000000,    0.000000000,  -85.935554504,\
_   122.975158691,  139.138748169,  121.706405640,\
_    67.752243042,  104.118865967,  -20.000000000 )
_ set_view (\
_    -0.443108320,    0.766380847,    0.465098023,\
_     0.447878391,    0.638676524,   -0.625696957,\
_    -0.776567936,   -0.068944864,   -0.626248062,\
_     0.000000000,    0.000000000,  -85.935554504,\
_   122.975158691,  139.138748169,  121.706405640,\
_    67.752243042,  104.118865967,  -20.000000000 )
_ set_view (\
_    -0.443108320,    0.766380847,    0.465098023,\
_     0.447878391,    0.638676524,   -0.625696957,\
_    -0.776567936,   -0.068944864,   -0.626248062,\
_     0.000000000,    0.000000000,  -85.593368530,\
_   122.975158691,  139.138748169,  121.706405640,\
_    67.410057068,  103.776679993,  -20.000000000 )
_ set_view (\
_    -0.443108320,    0.766380847,    0.465098023,\
_     0.447878391,    0.638676524,   -0.625696957,\
_    -0.776567936,   -0.068944864,   -0.626248062,\
_     0.000000000,    0.000000000,  -85.083152771,\
_   122.975158691,  139.138748169,  121.706405640,\
_    66.899841309,  103.266464233,  -20.000000000 )
_ set_view (\
_    -0.443108320,    0.766380847,    0.465098023,\
_     0.447878391,    0.638676524,   -0.625696957,\
_    -0.776567936,   -0.068944864,   -0.626248062,\
_     0.000000000,    0.000000000,  -84.575973511,\
_   122.975158691,  139.138748169,  121.706405640,\
_    66.392662048,  102.759284973,  -20.000000000 )
_ set_view (\
_    -0.443108320,    0.766380847,    0.465098023,\
_     0.447878391,    0.638676524,   -0.625696957,\
_    -0.776567936,   -0.068944864,   -0.626248062,\
_     0.000000000,    0.000000000,  -84.071823120,\
_   122.975158691,  139.138748169,  121.706405640,\
_    65.888511658,  102.255134583,  -20.000000000 )
_ set_view (\
_    -0.443108320,    0.766380847,    0.465098023,\
_     0.447878391,    0.638676524,   -0.625696957,\
_    -0.776567936,   -0.068944864,   -0.626248062,\
_     0.000000000,    0.000000000,  -83.239875793,\
_   122.975158691,  139.138748169,  121.706405640,\
_    65.056564331,  101.423187256,  -20.000000000 )
_ set_view (\
_    -0.443108320,    0.766380847,    0.465098023,\
_     0.447878391,    0.638676524,   -0.625696957,\
_    -0.776567936,   -0.068944864,   -0.626248062,\
_     0.000000000,    0.000000000,  -82.579605103,\
_   122.975158691,  139.138748169,  121.706405640,\
_    64.396293640,  100.762916565,  -20.000000000 )
_ set_view (\
_    -0.443108320,    0.766380847,    0.465098023,\
_     0.447878391,    0.638676524,   -0.625696957,\
_    -0.776567936,   -0.068944864,   -0.626248062,\
_     0.000000000,    0.000000000,  -82.087348938,\
_   122.975158691,  139.138748169,  121.706405640,\
_    63.904037476,  100.270660400,  -20.000000000 )
_ set_view (\
_    -0.443108320,    0.766380847,    0.465098023,\
_     0.447878391,    0.638676524,   -0.625696957,\
_    -0.776567936,   -0.068944864,   -0.626248062,\
_     0.000000000,    0.000000000,  -81.436218262,\
_   122.975158691,  139.138748169,  121.706405640,\
_    63.252906799,   99.619529724,  -20.000000000 )
_ set_view (\
_    -0.443108320,    0.766380847,    0.465098023,\
_     0.447878391,    0.638676524,   -0.625696957,\
_    -0.776567936,   -0.068944864,   -0.626248062,\
_     0.000000000,    0.000000000,  -80.950782776,\
_   122.975158691,  139.138748169,  121.706405640,\
_    62.767471313,   99.134094238,  -20.000000000 )
_ set_view (\
_    -0.443108320,    0.766380847,    0.465098023,\
_     0.447878391,    0.638676524,   -0.625696957,\
_    -0.776567936,   -0.068944864,   -0.626248062,\
_     0.000000000,    0.000000000,  -80.628440857,\
_   122.975158691,  139.138748169,  121.706405640,\
_    62.445133209,   98.811752319,  -20.000000000 )
_ set_view (\
_    -0.443108320,    0.766380847,    0.465098023,\
_     0.447878391,    0.638676524,   -0.625696957,\
_    -0.776567936,   -0.068944864,   -0.626248062,\
_     0.000000000,    0.000000000,  -80.147819519,\
_   122.975158691,  139.138748169,  121.706405640,\
_    61.964515686,   98.331130981,  -20.000000000 )
_ set_view (\
_    -0.443108320,    0.766380847,    0.465098023,\
_     0.447878391,    0.638676524,   -0.625696957,\
_    -0.776567936,   -0.068944864,   -0.626248062,\
_     0.000000000,    0.000000000,  -79.828681946,\
_   122.975158691,  139.138748169,  121.706405640,\
_    61.645378113,   98.011993408,  -20.000000000 )
_ set_view (\
_    -0.443108320,    0.766380847,    0.465098023,\
_     0.447878391,    0.638676524,   -0.625696957,\
_    -0.776567936,   -0.068944864,   -0.626248062,\
_     0.000000000,    0.000000000,  -79.352828979,\
_   122.975158691,  139.138748169,  121.706405640,\
_    61.169521332,   97.536140442,  -20.000000000 )
_ set_view (\
_    -0.443108320,    0.766380847,    0.465098023,\
_     0.447878391,    0.638676524,   -0.625696957,\
_    -0.776567936,   -0.068944864,   -0.626248062,\
_     0.000000000,    0.000000000,  -79.036849976,\
_   122.975158691,  139.138748169,  121.706405640,\
_    60.853546143,   97.220161438,  -20.000000000 )
_ set_view (\
_    -0.443108320,    0.766380847,    0.465098023,\
_     0.447878391,    0.638676524,   -0.625696957,\
_    -0.776567936,   -0.068944864,   -0.626248062,\
_     0.000000000,    0.000000000,  -78.565719604,\
_   122.975158691,  139.138748169,  121.706405640,\
_    60.382411957,   96.749031067,  -20.000000000 )
_ set_view (\
_    -0.443108320,    0.766380847,    0.465098023,\
_     0.447878391,    0.638676524,   -0.625696957,\
_    -0.776567936,   -0.068944864,   -0.626248062,\
_     0.000000000,    0.000000000,  -78.252876282,\
_   122.975158691,  139.138748169,  121.706405640,\
_    60.069568634,   96.436187744,  -20.000000000 )
_ set_view (\
_    -0.443108320,    0.766380847,    0.465098023,\
_     0.447878391,    0.638676524,   -0.625696957,\
_    -0.776567936,   -0.068944864,   -0.626248062,\
_     0.000000000,    0.000000000,  -77.941284180,\
_   122.975158691,  139.138748169,  121.706405640,\
_    59.757976532,   96.124595642,  -20.000000000 )
_ set_view (\
_    -0.443108320,    0.766380847,    0.465098023,\
_     0.447878391,    0.638676524,   -0.625696957,\
_    -0.776567936,   -0.068944864,   -0.626248062,\
_     0.000000000,    0.000000000,  -77.630928040,\
_   122.975158691,  139.138748169,  121.706405640,\
_    59.447624207,   95.814239502,  -20.000000000 )
_ set_view (\
_    -0.443108320,    0.766380847,    0.465098023,\
_     0.447878391,    0.638676524,   -0.625696957,\
_    -0.776567936,   -0.068944864,   -0.626248062,\
_     0.000000000,    0.000000000,  -77.168174744,\
_   122.975158691,  139.138748169,  121.706405640,\
_    58.984870911,   95.351486206,  -20.000000000 )
_ set_view (\
_    -0.443108320,    0.766380847,    0.465098023,\
_     0.447878391,    0.638676524,   -0.625696957,\
_    -0.776567936,   -0.068944864,   -0.626248062,\
_     0.000000000,    0.000000000,  -77.014228821,\
_   122.975158691,  139.138748169,  121.706405640,\
_    58.830928802,   95.197540283,  -20.000000000 )
_ set_view (\
_    -0.443108320,    0.766380847,    0.465098023,\
_     0.447878391,    0.638676524,   -0.625696957,\
_    -0.776567936,   -0.068944864,   -0.626248062,\
_     0.000000000,    0.000000000,  -76.555152893,\
_   122.975158691,  139.138748169,  121.706405640,\
_    58.371852875,   94.738464355,  -20.000000000 )
_ set_view (\
_    -0.443108320,    0.766380847,    0.465098023,\
_     0.447878391,    0.638676524,   -0.625696957,\
_    -0.776567936,   -0.068944864,   -0.626248062,\
_     0.000000000,    0.000000000,  -76.402435303,\
_   122.975158691,  139.138748169,  121.706405640,\
_    58.219131470,   94.585746765,  -20.000000000 )
_ set_view (\
_    -0.443108320,    0.766380847,    0.465098023,\
_     0.447878391,    0.638676524,   -0.625696957,\
_    -0.776567936,   -0.068944864,   -0.626248062,\
_     0.000000000,    0.000000000,  -76.098205566,\
_   122.975158691,  139.138748169,  121.706405640,\
_    57.914901733,   94.281517029,  -20.000000000 )
_ set_view (\
_    -0.443108320,    0.766380847,    0.465098023,\
_     0.447878391,    0.638676524,   -0.625696957,\
_    -0.776567936,   -0.068944864,   -0.626248062,\
_     0.000000000,    0.000000000,  -75.946395874,\
_   122.975158691,  139.138748169,  121.706405640,\
_    57.763095856,   94.129707336,  -20.000000000 )
_ set_view (\
_    -0.443108320,    0.766380847,    0.465098023,\
_     0.447878391,    0.638676524,   -0.625696957,\
_    -0.776567936,   -0.068944864,   -0.626248062,\
_     0.000000000,    0.000000000,  -75.493682861,\
_   122.975158691,  139.138748169,  121.706405640,\
_    57.310382843,   93.676994324,  -20.000000000 )
_ set_view (\
_    -0.443108320,    0.766380847,    0.465098023,\
_     0.447878391,    0.638676524,   -0.625696957,\
_    -0.776567936,   -0.068944864,   -0.626248062,\
_     0.000000000,    0.000000000,  -75.343078613,\
_   122.975158691,  139.138748169,  121.706405640,\
_    57.159782410,   93.526390076,  -20.000000000 )
_ set_view (\
_    -0.443108320,    0.766380847,    0.465098023,\
_     0.447878391,    0.638676524,   -0.625696957,\
_    -0.776567936,   -0.068944864,   -0.626248062,\
_     0.000000000,    0.000000000,  -75.192779541,\
_   122.975158691,  139.138748169,  121.706405640,\
_    57.009483337,   93.376091003,  -20.000000000 )
_ set_view (\
_    -0.443108320,    0.766380847,    0.465098023,\
_     0.447878391,    0.638676524,   -0.625696957,\
_    -0.776567936,   -0.068944864,   -0.626248062,\
_     0.000000000,    0.000000000,  -75.042778015,\
_   122.975158691,  139.138748169,  121.706405640,\
_    56.859477997,   93.226089478,  -20.000000000 )
_ set_view (\
_    -0.443108320,    0.766380847,    0.465098023,\
_     0.447878391,    0.638676524,   -0.625696957,\
_    -0.776567936,   -0.068944864,   -0.626248062,\
_     0.000000000,    0.000000000,  -74.893074036,\
_   122.975158691,  139.138748169,  121.706405640,\
_    56.709770203,   93.076385498,  -20.000000000 )
_ set_view (\
_    -0.443108320,    0.766380847,    0.465098023,\
_     0.447878391,    0.638676524,   -0.625696957,\
_    -0.776567936,   -0.068944864,   -0.626248062,\
_     0.000000000,    0.000000000,  -74.743667603,\
_   122.975158691,  139.138748169,  121.706405640,\
_    56.560363770,   92.926979065,  -20.000000000 )
_ set_view (\
_    -0.443108320,    0.766380847,    0.465098023,\
_     0.447878391,    0.638676524,   -0.625696957,\
_    -0.776567936,   -0.068944864,   -0.626248062,\
_     0.000000000,    0.000000000,  -74.446044922,\
_   122.975158691,  139.138748169,  121.706405640,\
_    56.262741089,   92.629356384,  -20.000000000 )
_ set_view (\
_    -0.443108320,    0.766380847,    0.465098023,\
_     0.447878391,    0.638676524,   -0.625696957,\
_    -0.776567936,   -0.068944864,   -0.626248062,\
_     0.000000000,    0.000000000,  -74.149612427,\
_   122.975158691,  139.138748169,  121.706405640,\
_    55.966304779,   92.332923889,  -20.000000000 )
_ set_view (\
_    -0.443108320,    0.766380847,    0.465098023,\
_     0.447878391,    0.638676524,   -0.625696957,\
_    -0.776567936,   -0.068944864,   -0.626248062,\
_     0.000000000,    0.000000000,  -73.854354858,\
_   122.975158691,  139.138748169,  121.706405640,\
_    55.671047211,   92.037666321,  -20.000000000 )
_ set_view (\
_    -0.443108320,    0.766380847,    0.465098023,\
_     0.447878391,    0.638676524,   -0.625696957,\
_    -0.776567936,   -0.068944864,   -0.626248062,\
_     0.000000000,    0.000000000,  -73.707023621,\
_   122.975158691,  139.138748169,  121.706405640,\
_    55.523715973,   91.890335083,  -20.000000000 )
_ set_view (\
_    -0.443108320,    0.766380847,    0.465098023,\
_     0.447878391,    0.638676524,   -0.625696957,\
_    -0.776567936,   -0.068944864,   -0.626248062,\
_     0.000000000,    0.000000000,  -73.413528442,\
_   122.975158691,  139.138748169,  121.706405640,\
_    55.230220795,   91.596839905,  -20.000000000 )
_ set_view (\
_    -0.443108320,    0.766380847,    0.465098023,\
_     0.447878391,    0.638676524,   -0.625696957,\
_    -0.776567936,   -0.068944864,   -0.626248062,\
_     0.000000000,    0.000000000,  -73.121208191,\
_   122.975158691,  139.138748169,  121.706405640,\
_    54.937896729,   91.304519653,  -20.000000000 )
_ set_view (\
_    -0.443108320,    0.766380847,    0.465098023,\
_     0.447878391,    0.638676524,   -0.625696957,\
_    -0.776567936,   -0.068944864,   -0.626248062,\
_     0.000000000,    0.000000000,  -72.830047607,\
_   122.975158691,  139.138748169,  121.706405640,\
_    54.646732330,   91.013359070,  -20.000000000 )
_ set_view (\
_    -0.443108320,    0.766380847,    0.465098023,\
_     0.447878391,    0.638676524,   -0.625696957,\
_    -0.776567936,   -0.068944864,   -0.626248062,\
_     0.000000000,    0.000000000,  -72.684753418,\
_   122.975158691,  139.138748169,  121.706405640,\
_    54.501438141,   90.868064880,  -20.000000000 )
_ set_view (\
_    -0.443108320,    0.766380847,    0.465098023,\
_     0.447878391,    0.638676524,   -0.625696957,\
_    -0.776567936,   -0.068944864,   -0.626248062,\
_     0.000000000,    0.000000000,  -72.539756775,\
_   122.975158691,  139.138748169,  121.706405640,\
_    54.356441498,   90.723068237,  -20.000000000 )
_ set_view (\
_    -0.443108320,    0.766380847,    0.465098023,\
_     0.447878391,    0.638676524,   -0.625696957,\
_    -0.776567936,   -0.068944864,   -0.626248062,\
_     0.000000000,    0.000000000,  -72.250907898,\
_   122.975158691,  139.138748169,  121.706405640,\
_    54.067596436,   90.434219360,  -20.000000000 )
_ set_view (\
_    -0.443108320,    0.766380847,    0.465098023,\
_     0.447878391,    0.638676524,   -0.625696957,\
_    -0.776567936,   -0.068944864,   -0.626248062,\
_     0.000000000,    0.000000000,  -72.106773376,\
_   122.975158691,  139.138748169,  121.706405640,\
_    53.923465729,   90.290084839,  -20.000000000 )
_ set_view (\
_    -0.443108320,    0.766380847,    0.465098023,\
_     0.447878391,    0.638676524,   -0.625696957,\
_    -0.776567936,   -0.068944864,   -0.626248062,\
_     0.000000000,    0.000000000,  -71.962928772,\
_   122.975158691,  139.138748169,  121.706405640,\
_    53.779621124,   90.146240234,  -20.000000000 )
_ set_view (\
_    -0.443108320,    0.766380847,    0.465098023,\
_     0.447878391,    0.638676524,   -0.625696957,\
_    -0.776567936,   -0.068944864,   -0.626248062,\
_     0.000000000,    0.000000000,  -71.819366455,\
_   122.975158691,  139.138748169,  121.706405640,\
_    53.636062622,   90.002677917,  -20.000000000 )
_ set_view (\
_    -0.443108320,    0.766380847,    0.465098023,\
_     0.447878391,    0.638676524,   -0.625696957,\
_    -0.776567936,   -0.068944864,   -0.626248062,\
_     0.000000000,    0.000000000,  -71.963218689,\
_   122.975158691,  139.138748169,  121.706405640,\
_    53.779914856,   90.146530151,  -20.000000000 )
_ set_view (\
_    -0.443108320,    0.766380847,    0.465098023,\
_     0.447878391,    0.638676524,   -0.625696957,\
_    -0.776567936,   -0.068944864,   -0.626248062,\
_     0.000000000,    0.000000000,  -72.107353210,\
_   122.975158691,  139.138748169,  121.706405640,\
_    53.924049377,   90.290664673,  -20.000000000 )
_ set_view (\
_    -0.443108320,    0.766380847,    0.465098023,\
_     0.447878391,    0.638676524,   -0.625696957,\
_    -0.776567936,   -0.068944864,   -0.626248062,\
_     0.000000000,    0.000000000,  -72.396781921,\
_   122.975158691,  139.138748169,  121.706405640,\
_    54.213478088,   90.580093384,  -20.000000000 )
_ set_view (\
_    -0.443108320,    0.766380847,    0.465098023,\
_     0.447878391,    0.638676524,   -0.625696957,\
_    -0.776567936,   -0.068944864,   -0.626248062,\
_     0.000000000,    0.000000000,  -72.833541870,\
_   122.975158691,  139.138748169,  121.706405640,\
_    54.650238037,   91.016853333,  -20.000000000 )
_ set_view (\
_    -0.443108320,    0.766380847,    0.465098023,\
_     0.447878391,    0.638676524,   -0.625696957,\
_    -0.776567936,   -0.068944864,   -0.626248062,\
_     0.000000000,    0.000000000,  -73.125885010,\
_   122.975158691,  139.138748169,  121.706405640,\
_    54.942581177,   91.309196472,  -20.000000000 )
_ set_view (\
_    -0.443108320,    0.766380847,    0.465098023,\
_     0.447878391,    0.638676524,   -0.625696957,\
_    -0.776567936,   -0.068944864,   -0.626248062,\
_     0.000000000,    0.000000000,  -73.567047119,\
_   122.975158691,  139.138748169,  121.706405640,\
_    55.383739471,   91.750358582,  -20.000000000 )
_ set_view (\
_    -0.443108320,    0.766380847,    0.465098023,\
_     0.447878391,    0.638676524,   -0.625696957,\
_    -0.776567936,   -0.068944864,   -0.626248062,\
_     0.000000000,    0.000000000,  -74.010864258,\
_   122.975158691,  139.138748169,  121.706405640,\
_    55.827556610,   92.194175720,  -20.000000000 )
_ set_view (\
_    -0.443108320,    0.766380847,    0.465098023,\
_     0.447878391,    0.638676524,   -0.625696957,\
_    -0.776567936,   -0.068944864,   -0.626248062,\
_     0.000000000,    0.000000000,  -74.457366943,\
_   122.975158691,  139.138748169,  121.706405640,\
_    56.274055481,   92.640678406,  -20.000000000 )
_ set_view (\
_    -0.443108320,    0.766380847,    0.465098023,\
_     0.447878391,    0.638676524,   -0.625696957,\
_    -0.776567936,   -0.068944864,   -0.626248062,\
_     0.000000000,    0.000000000,  -74.906555176,\
_   122.975158691,  139.138748169,  121.706405640,\
_    56.723243713,   93.089866638,  -20.000000000 )
_ set_view (\
_    -0.443108320,    0.766380847,    0.465098023,\
_     0.447878391,    0.638676524,   -0.625696957,\
_    -0.776567936,   -0.068944864,   -0.626248062,\
_     0.000000000,    0.000000000,  -75.510307312,\
_   122.975158691,  139.138748169,  121.706405640,\
_    57.326995850,   93.693618774,  -20.000000000 )
_ set_view (\
_    -0.443108320,    0.766380847,    0.465098023,\
_     0.447878391,    0.638676524,   -0.625696957,\
_    -0.776567936,   -0.068944864,   -0.626248062,\
_     0.000000000,    0.000000000,  -75.965850830,\
_   122.975158691,  139.138748169,  121.706405640,\
_    57.782539368,   94.149162292,  -20.000000000 )
_ set_view (\
_    -0.443108320,    0.766380847,    0.465098023,\
_     0.447878391,    0.638676524,   -0.625696957,\
_    -0.776567936,   -0.068944864,   -0.626248062,\
_     0.000000000,    0.000000000,  -76.424148560,\
_   122.975158691,  139.138748169,  121.706405640,\
_    58.240833282,   94.607460022,  -20.000000000 )
_ set_view (\
_    -0.443108320,    0.766380847,    0.465098023,\
_     0.447878391,    0.638676524,   -0.625696957,\
_    -0.776567936,   -0.068944864,   -0.626248062,\
_     0.000000000,    0.000000000,  -76.885200500,\
_   122.975158691,  139.138748169,  121.706405640,\
_    58.701889038,   95.068511963,  -20.000000000 )
_ set_view (\
_    -0.443108320,    0.766380847,    0.465098023,\
_     0.447878391,    0.638676524,   -0.625696957,\
_    -0.776567936,   -0.068944864,   -0.626248062,\
_     0.000000000,    0.000000000,  -77.349044800,\
_   122.975158691,  139.138748169,  121.706405640,\
_    59.165729523,   95.532356262,  -20.000000000 )
_ set_view (\
_    -0.443108320,    0.766380847,    0.465098023,\
_     0.447878391,    0.638676524,   -0.625696957,\
_    -0.776567936,   -0.068944864,   -0.626248062,\
_     0.000000000,    0.000000000,  -77.815681458,\
_   122.975158691,  139.138748169,  121.706405640,\
_    59.632366180,   95.998992920,  -20.000000000 )
_ set_view (\
_    -0.443108320,    0.766380847,    0.465098023,\
_     0.447878391,    0.638676524,   -0.625696957,\
_    -0.776567936,   -0.068944864,   -0.626248062,\
_     0.000000000,    0.000000000,  -78.285133362,\
_   122.975158691,  139.138748169,  121.706405640,\
_    60.101818085,   96.468444824,  -20.000000000 )
_ set_view (\
_    -0.443108320,    0.766380847,    0.465098023,\
_     0.447878391,    0.638676524,   -0.625696957,\
_    -0.776567936,   -0.068944864,   -0.626248062,\
_     0.000000000,    0.000000000,  -79.075454712,\
_   122.975158691,  139.138748169,  121.706405640,\
_    60.892135620,   97.258766174,  -20.000000000 )
_ set_view (\
_    -0.443108320,    0.766380847,    0.465098023,\
_     0.447878391,    0.638676524,   -0.625696957,\
_    -0.776567936,   -0.068944864,   -0.626248062,\
_     0.000000000,    0.000000000,  -79.392852783,\
_   122.975158691,  139.138748169,  121.706405640,\
_    61.209529877,   97.576164246,  -20.000000000 )
_ set_view (\
_    -0.443108320,    0.766380847,    0.465098023,\
_     0.447878391,    0.638676524,   -0.625696957,\
_    -0.776567936,   -0.068944864,   -0.626248062,\
_     0.000000000,    0.000000000,  -79.711517334,\
_   122.975158691,  139.138748169,  121.706405640,\
_    61.528198242,   97.894828796,  -20.000000000 )
_ set_view (\
_    -0.443108320,    0.766380847,    0.465098023,\
_     0.447878391,    0.638676524,   -0.625696957,\
_    -0.776567936,   -0.068944864,   -0.626248062,\
_     0.000000000,    0.000000000,  -80.353996277,\
_   122.975158691,  139.138748169,  121.706405640,\
_    62.170681000,   98.537307739,  -20.000000000 )
_ set_view (\
_    -0.443108320,    0.766380847,    0.465098023,\
_     0.447878391,    0.638676524,   -0.625696957,\
_    -0.776567936,   -0.068944864,   -0.626248062,\
_     0.000000000,    0.000000000,  -80.676528931,\
_   122.975158691,  139.138748169,  121.706405640,\
_    62.493213654,   98.859840393,  -20.000000000 )
_ set_view (\
_    -0.443108320,    0.766380847,    0.465098023,\
_     0.447878391,    0.638676524,   -0.625696957,\
_    -0.776567936,   -0.068944864,   -0.626248062,\
_     0.000000000,    0.000000000,  -81.490989685,\
_   122.975158691,  139.138748169,  121.706405640,\
_    63.307674408,   99.674301147,  -20.000000000 )
_ set_view (\
_    -0.443108320,    0.766380847,    0.465098023,\
_     0.447878391,    0.638676524,   -0.625696957,\
_    -0.776567936,   -0.068944864,   -0.626248062,\
_     0.000000000,    0.000000000,  -81.818084717,\
_   122.975158691,  139.138748169,  121.706405640,\
_    63.634769440,  100.001396179,  -20.000000000 )
_ set_view (\
_    -0.443108320,    0.766380847,    0.465098023,\
_     0.447878391,    0.638676524,   -0.625696957,\
_    -0.776567936,   -0.068944864,   -0.626248062,\
_     0.000000000,    0.000000000,  -82.311683655,\
_   122.975158691,  139.138748169,  121.706405640,\
_    64.128364563,  100.494995117,  -20.000000000 )
_ set_view (\
_    -0.443108320,    0.766380847,    0.465098023,\
_     0.447878391,    0.638676524,   -0.625696957,\
_    -0.776567936,   -0.068944864,   -0.626248062,\
_     0.000000000,    0.000000000,  -82.975120544,\
_   122.975158691,  139.138748169,  121.706405640,\
_    64.791801453,  101.158432007,  -20.000000000 )
_ set_view (\
_    -0.443108320,    0.766380847,    0.465098023,\
_     0.447878391,    0.638676524,   -0.625696957,\
_    -0.776567936,   -0.068944864,   -0.626248062,\
_     0.000000000,    0.000000000,  -82.975120544,\
_   122.975158691,  139.138748169,  121.706405640,\
_    64.791801453,  101.158432007,  -20.000000000 )
_ set_view (\
_    -0.443108320,    0.766380847,    0.465098023,\
_     0.447878391,    0.638676524,   -0.625696957,\
_    -0.776567936,   -0.068944864,   -0.626248062,\
_     0.000000000,    0.000000000,  -82.975120544,\
_   122.975158691,  139.138748169,  121.706405640,\
_    64.791801453,  101.158432007,  -20.000000000 )
_ set_view (\
_    -0.443108320,    0.766380847,    0.465098023,\
_     0.447878391,    0.638676524,   -0.625696957,\
_    -0.776567936,   -0.068944864,   -0.626248062,\
_     0.000000000,    0.000000000,  -82.975120544,\
_   122.975158691,  139.138748169,  121.706405640,\
_    64.791801453,  101.158432007,  -20.000000000 )
_ set_view (\
_    -0.443108320,    0.766380847,    0.465098023,\
_     0.447878391,    0.638676524,   -0.625696957,\
_    -0.776567936,   -0.068944864,   -0.626248062,\
_     0.000000000,    0.000000000,  -83.475700378,\
_   122.975158691,  139.138748169,  121.706405640,\
_    65.292381287,  101.659011841,  -20.000000000 )
_ set_view (\
_    -0.443108320,    0.766380847,    0.465098023,\
_     0.447878391,    0.638676524,   -0.625696957,\
_    -0.776567936,   -0.068944864,   -0.626248062,\
_     0.000000000,    0.000000000,  -83.810760498,\
_   122.975158691,  139.138748169,  121.706405640,\
_    65.627441406,  101.994071960,  -20.000000000 )
_ set_view (\
_    -0.443108320,    0.766380847,    0.465098023,\
_     0.447878391,    0.638676524,   -0.625696957,\
_    -0.776567936,   -0.068944864,   -0.626248062,\
_     0.000000000,    0.000000000,  -84.316375732,\
_   122.975158691,  139.138748169,  121.706405640,\
_    66.133056641,  102.499687195,  -20.000000000 )
_ set_view (\
_    -0.443108320,    0.766380847,    0.465098023,\
_     0.447878391,    0.638676524,   -0.625696957,\
_    -0.776567936,   -0.068944864,   -0.626248062,\
_     0.000000000,    0.000000000,  -84.654815674,\
_   122.975158691,  139.138748169,  121.706405640,\
_    66.471496582,  102.838127136,  -20.000000000 )
_ set_view (\
_    -0.443108320,    0.766380847,    0.465098023,\
_     0.447878391,    0.638676524,   -0.625696957,\
_    -0.776567936,   -0.068944864,   -0.626248062,\
_     0.000000000,    0.000000000,  -84.824371338,\
_   122.975158691,  139.138748169,  121.706405640,\
_    66.641052246,  103.007682800,  -20.000000000 )
_ set_view (\
_    -0.443108320,    0.766380847,    0.465098023,\
_     0.447878391,    0.638676524,   -0.625696957,\
_    -0.776567936,   -0.068944864,   -0.626248062,\
_     0.000000000,    0.000000000,  -84.994262695,\
_   122.975158691,  139.138748169,  121.706405640,\
_    66.810943604,  103.177574158,  -20.000000000 )
_ set_view (\
_    -0.443108320,    0.766380847,    0.465098023,\
_     0.447878391,    0.638676524,   -0.625696957,\
_    -0.776567936,   -0.068944864,   -0.626248062,\
_     0.000000000,    0.000000000,  -85.164497375,\
_   122.975158691,  139.138748169,  121.706405640,\
_    66.981178284,  103.347808838,  -20.000000000 )
_ set_view (\
_    -0.443108320,    0.766380847,    0.465098023,\
_     0.447878391,    0.638676524,   -0.625696957,\
_    -0.776567936,   -0.068944864,   -0.626248062,\
_     0.000000000,    0.000000000,  -85.678283691,\
_   122.975158691,  139.138748169,  121.706405640,\
_    67.494964600,  103.861595154,  -20.000000000 )
_ set_view (\
_    -0.443108320,    0.766380847,    0.465098023,\
_     0.447878391,    0.638676524,   -0.625696957,\
_    -0.776567936,   -0.068944864,   -0.626248062,\
_     0.000000000,    0.000000000,  -85.678283691,\
_   122.975158691,  139.138748169,  121.706405640,\
_    67.494964600,  103.861595154,  -20.000000000 )
_ set_view (\
_    -0.443108320,    0.766380847,    0.465098023,\
_     0.447878391,    0.638676524,   -0.625696957,\
_    -0.776567936,   -0.068944864,   -0.626248062,\
_     0.000000000,    0.000000000,  -85.678283691,\
_   122.975158691,  139.138748169,  121.706405640,\
_    67.494964600,  103.861595154,  -20.000000000 )
_ set_view (\
_    -0.443108320,    0.766380847,    0.465098023,\
_     0.447878391,    0.638676524,   -0.625696957,\
_    -0.776567936,   -0.068944864,   -0.626248062,\
_     0.000000000,    0.000000000,  -85.678283691,\
_   122.975158691,  139.138748169,  121.706405640,\
_    67.494964600,  103.861595154,  -20.000000000 )
_ set_view (\
_    -0.443108320,    0.766380847,    0.465098023,\
_     0.447878391,    0.638676524,   -0.625696957,\
_    -0.776567936,   -0.068944864,   -0.626248062,\
_     0.000000000,    0.000000000,  -85.678283691,\
_   122.975158691,  139.138748169,  121.706405640,\
_    67.494964600,  103.861595154,  -20.000000000 )
_ set_view (\
_    -0.443108320,    0.766380847,    0.465098023,\
_     0.447878391,    0.638676524,   -0.625696957,\
_    -0.776567936,   -0.068944864,   -0.626248062,\
_     0.000000000,    0.000000000,  -86.368858337,\
_   122.975158691,  139.138748169,  121.706405640,\
_    68.185539246,  104.552169800,  -20.000000000 )
_ set_view (\
_    -0.443108320,    0.766380847,    0.465098023,\
_     0.447878391,    0.638676524,   -0.625696957,\
_    -0.776567936,   -0.068944864,   -0.626248062,\
_     0.000000000,    0.000000000,  -87.417289734,\
_   122.975158691,  139.138748169,  121.706405640,\
_    69.233970642,  105.600601196,  -20.000000000 )
_ set_view (\
_    -0.443108320,    0.766380847,    0.465098023,\
_     0.447878391,    0.638676524,   -0.625696957,\
_    -0.776567936,   -0.068944864,   -0.626248062,\
_     0.000000000,    0.000000000,  -88.478446960,\
_   122.975158691,  139.138748169,  121.706405640,\
_    70.295127869,  106.661758423,  -20.000000000 )
_ set_view (\
_    -0.443108320,    0.766380847,    0.465098023,\
_     0.447878391,    0.638676524,   -0.625696957,\
_    -0.776567936,   -0.068944864,   -0.626248062,\
_     0.000000000,    0.000000000,  -89.371673584,\
